"w" <-
c(0.91146,1.83979,0.991733,1.156553,2.135145,2.122326,1.927825,1.28725,1.782751,1.992558,1.826052,1.546386,1.860465,0.794029,0.789745,2.347044,1.466756,0.792196,1.124549,2.470606,2.200614,0.601988,2.391119,1.380731,1.995682)

# This file was written for JAGS by STR2DATA on 19-Jul-2026 08:10:43.
