"w" <-
c(1.33377,2.315002,2.141125,1.246545,1.803629,2.113679,1.152753,2.44825,1.668218,1.398641,2.326661,1.790439,1.199915,0.86944,2.134121,0.780226,1.265563,1.882389,1.360407,1.820502,1.623602,2.29242,1.241095,1.251628,1.912263)

# This file was written for JAGS by STR2DATA on 17-Jul-2026 16:12:24.
