"w" <-
c(1.716727,1.177004,1.045859,1.876307,2.0186,1.213767,1.870192,0.6043,1.751439,0.925971,2.121467,1.541001,2.090638,1.300453,2.093299,2.24494,1.204186,2.305124,0.5886,2.207925,1.2001,0.539143,1.738861,0.75291,2.005714)

# This file was written for JAGS by STR2DATA on 19-Jul-2026 08:10:43.
