"w" <-
c(0.542508,1.338119,1.423337,2.398705,2.015516,1.880519,1.464024,1.970705,2.363986,0.660272,1.511521,1.159269,1.182389,2.302563,0.976834,1.336647,2.222699,2.069893,1.14331,2.127276,0.783822,0.709439,1.750502,2.414511,1.050033)

# This file was written for JAGS by STR2DATA on 17-Jul-2026 16:12:24.
