"w" <-
c(2.404556,2.374232,1.019012,2.061002,1.101251,0.753531,0.944598,1.06453,1.632786,2.016924,1.631077,0.725671,1.387149,1.846601,2.018201,2.476243,0.780505,0.717932,0.983097,0.775902,0.825253,0.608986,1.36078,1.177091,1.951833)

# This file was written for JAGS by STR2DATA on 19-Jul-2026 08:10:43.
