"w" <-
c(1.266046,1.751233,1.568208,1.718687,1.352619,1.226618,1.315415,1.833531,2.415462,1.896004,1.659261,1.630514,2.049642,0.862505,1.829169,1.770518,0.903,1.352666,1.856751,1.798989,1.278984,0.963806,2.202704,2.146768,2.474917)

# This file was written for JAGS by STR2DATA on 19-Jul-2026 08:10:43.
