"w" <-
c(1.026132,1.764004,2.487535,0.807212,2.063104,0.918952,1.242042,0.642632,1.389585,0.934414,1.01096,1.535812,0.806896,1.049101,1.155979,0.552532,2.327736,1.848129,1.782393,1.014237,1.846145,1.138972,2.073326,2.100808,0.515446)

# This file was written for JAGS by STR2DATA on 19-Jul-2026 08:10:43.
