"w" <-
c(1.634554,1.332209,2.043783,0.812054,1.04397,0.679103,1.431444,1.770071,0.945377,1.660843,1.064573,0.754107,1.107515,0.507001,0.601837,1.322733,1.666188,1.119943,0.583437,1.452529,2.47021,2.110619,0.747046,0.797148,1.524818)

# This file was written for JAGS by STR2DATA on 19-Jul-2026 08:10:43.
