"w" <-
c(1.345669,1.371375,0.588665,0.885411,2.009658,2.311134,0.959517,1.646209,1.884501,1.798634,2.145106,1.094326,2.055534,1.639453,1.175841,2.215416,2.423382,2.301092,1.388151,2.419819,2.005909,1.510536,1.134147,1.324744,0.834668)

# This file was written for JAGS by STR2DATA on 17-Jul-2026 16:12:24.
