"w" <-
c(0.834439,1.014673,2.344793,1.788478,1.321887,1.294838,2.150556,0.601028,1.440007,1.811474,2.139177,2.30724,2.289918,2.363765,0.668898,2.003766,2.222951,0.575825,1.928827,0.665689,1.61054,2.227425,0.653152,1.816299,2.355056)

# This file was written for JAGS by STR2DATA on 19-Jul-2026 08:10:43.
