"w" <-
c(2.299761,1.814478,1.110562,2.123176,2.231963,1.037974,1.050898,0.952879,0.98745,1.057893,1.13344,1.637099,2.081515,0.851043,1.215187,1.99318,1.677271,2.21471,1.244194,1.926393,1.024613,1.589688,1.441377,2.139121,1.32837)

# This file was written for JAGS by STR2DATA on 19-Jul-2026 08:10:43.
