"w" <-
c(0.857398,0.633084,1.351116,1.840034,1.529116,1.826635,1.563537,0.846157,2.011737,1.535249,1.918641,0.688708,1.141114,1.137667,1.712572,2.063592,1.121533,1.184945,1.673408,1.451967,2.025452,2.459944,2.140753,0.608634,1.127661)

# This file was written for JAGS by STR2DATA on 17-Jul-2026 16:12:24.
