"w" <-
c(0.829462,2.185286,0.864907,0.645158,1.378425,1.045559,1.800315,1.085923,1.600943,1.399881,1.642688,1.187795,1.096511,1.679237,1.790487,1.860971,2.153252,0.543017,1.574732,1.306019,2.28423,2.136305,1.909399,0.931755,0.705744)

# This file was written for JAGS by STR2DATA on 19-Jul-2026 08:10:43.
