"w" <-
c(2.348804,1.510321,1.457704,2.415085,2.328185,1.273217,0.885373,0.575533,2.233936,1.595599,1.097061,1.170993,1.064504,0.678753,1.080288,0.617725,1.756,1.004432,2.265667,1.731934,1.388012,1.486749,1.364419,1.222967,1.674652)

# This file was written for JAGS by STR2DATA on 17-Jul-2026 16:12:24.
