"w" <-
c(2.099351,1.518023,0.574394,2.351685,1.331095,0.661544,1.581931,1.206318,2.066156,1.1549,0.744116,2.125311,1.74146,1.416051,1.559859,1.826968,2.14306,1.482531,1.040412,0.509678,0.822122,2.197557,1.525833,1.290217,1.760419)

# This file was written for JAGS by STR2DATA on 17-Jul-2026 16:12:24.
