"w" <-
c(1.69393,2.33981,1.569325,0.727845,0.588235,1.124838,1.591659,2.035532,1.728737,1.743021,1.790406,1.565445,2.361287,1.607467,0.55578,0.778464,0.637115,1.403391,2.04438,1.579206,0.917098,0.980683,0.735634,1.343986,1.751972)

# This file was written for JAGS by STR2DATA on 19-Jul-2026 08:10:43.
