"w" <-
c(1.885312,2.097051,0.683108,0.603152,2.466429,1.636632,1.266322,0.715591,0.977915,1.787859,1.400788,0.805087,1.029949,0.542188,1.525672,1.931531,2.127149,2.355501,2.09951,0.878179,2.200195,2.343776,1.256746,1.459576,1.743703)

# This file was written for JAGS by STR2DATA on 17-Jul-2026 16:12:24.
