"w" <-
c(1.984047,1.580053,0.949253,2.149643,2.146764,0.797519,1.948755,2.446379,2.325859,1.278841,1.635931,0.935164,1.299835,0.864545,1.384367,0.614207,1.375583,0.826606,1.424004,0.862833,1.783962,0.927072,2.347367,1.220214,0.88287)

# This file was written for JAGS by STR2DATA on 17-Jul-2026 16:12:24.
