"w" <-
c(1.334038,1.187546,0.886636,1.032808,0.593097,1.76589,1.119909,1.641604,1.674429,1.569444,1.126652,1.232473,1.461099,1.466267,0.848762,1.465965,2.117243,1.218131,0.723052,2.213699,1.953532,1.377062,1.459696,1.492262,1.817024)

# This file was written for JAGS by STR2DATA on 17-Jul-2026 16:12:24.
