"w" <-
c(2.26396,0.620374,1.370702,0.659285,1.506964,0.582994,2.029738,2.387001,1.711559,1.652796,2.228886,2.081748,1.168675,1.790392,0.707883,2.080014,0.891899,1.195566,0.571103,2.384748,0.88455,0.739827,2.175398,1.175857,1.853092)

# This file was written for JAGS by STR2DATA on 19-Jul-2026 08:10:43.
