"w" <-
c(1.213878,0.950064,2.318583,1.439035,0.836881,1.100054,0.558189,2.121807,1.391115,1.07264,1.742975,0.683032,1.681507,2.351664,1.722085,1.351681,1.349835,2.225184,1.814859,0.665364,1.683981,0.908734,1.778159,2.476382,0.636913)

# This file was written for JAGS by STR2DATA on 17-Jul-2026 16:12:24.
