"w" <-
c(1.753908,1.637114,1.502988,1.177456,1.945571,1.092657,2.273307,2.191897,0.759852,0.789402,0.905073,0.534271,0.646426,1.75356,0.976688,0.673737,1.350819,1.426601,2.476631,1.977651,1.317809,1.847721,2.236064,2.09451,0.905796)

# This file was written for JAGS by STR2DATA on 17-Jul-2026 16:12:24.
