"w" <-
c(2.157518,1.82548,1.572878,2.246322,2.017486,1.530668,0.711086,1.160547,2.438332,0.919948,1.659653,1.222163,1.536428,0.937334,1.700355,0.674346,2.108339,1.084552,2.146063,1.538731,1.197264,2.220878,2.321229,0.983417,1.132283)

# This file was written for JAGS by STR2DATA on 17-Jul-2026 16:12:24.
