"w" <-
c(1.117824,1.232571,1.055556,1.901021,1.936347,0.539964,0.500525,1.075575,1.573923,1.511447,1.483864,1.930038,2.130686,0.964551,1.146975,1.48591,1.266495,1.73739,1.533209,1.79243,0.823639,1.112145,1.715709,1.82019,1.493294)

# This file was written for JAGS by STR2DATA on 19-Jul-2026 08:10:43.
