"w" <-
c(2.232328,1.132242,2.356287,0.585213,0.862042,1.798438,1.957609,1.349082,1.189322,1.983775,0.620363,2.11963,1.706018,2.195643,0.91282,2.109386,1.838479,1.405257,1.684825,0.563681,0.739707,0.602987,2.256677,1.871007,1.802173)

# This file was written for JAGS by STR2DATA on 17-Jul-2026 12:36:57.
