"w" <-
c(1.229867,1.880787,1.952407,0.579761,2.44184,1.068985,0.548396,1.707722,1.39926,1.267447,2.263887,1.922016,2.367201,0.773449,0.616035,0.687771,1.021133,1.424454,1.170899,1.179023,0.94035,2.270452,0.991027,1.784809,0.570641)

# This file was written for JAGS by STR2DATA on 17-Jul-2026 12:36:57.
