"w" <-
c(2.020479,1.928125,1.839986,0.63206,2.080179,0.79471,1.041763,0.585579,2.472079,2.431876,0.752697,1.055504,0.533091,1.13613,0.633537,1.793277,1.919107,2.257712,1.127512,2.372732,0.588602,2.41183,2.494849,0.884796,2.0644)

# This file was written for JAGS by STR2DATA on 17-Jul-2026 12:36:57.
