"w" <-
c(0.636119,1.441995,0.847262,2.001356,1.830035,2.412166,1.481321,0.518301,1.221343,0.574179,1.589553,1.681152,1.643024,2.280171,2.39858,0.509879,1.741259,0.501623,2.207617,2.013287,0.794655,1.767333,1.218618,1.669836,1.289649)

# This file was written for JAGS by STR2DATA on 17-Jul-2026 12:36:57.
