"w" <-
c(1.187014,1.190167,2.15716,1.855242,2.358307,0.546676,2.27625,0.658409,1.993898,0.520517,2.003111,0.938556,2.239372,1.046553,1.203624,0.978898,1.71099,1.18433,2.359668,1.043952,2.267157,2.382253,0.648765,1.522375,2.409874)

# This file was written for JAGS by STR2DATA on 17-Jul-2026 12:36:57.
