"w" <-
c(2.410487,0.901397,2.305334,1.033248,0.896908,1.348801,1.442109,1.421149,1.446526,1.787216,1.420171,1.619326,2.426532,0.981766,1.212566,2.103797,1.018401,1.85561,1.87158,1.514466,2.061626,0.774139,1.692851,1.265816,2.232908)

# This file was written for JAGS by STR2DATA on 17-Jul-2026 12:36:57.
