"w" <-
c(2.190212,1.125495,0.805024,1.125609,2.229304,2.459599,2.448837,2.367515,2.26124,2.244455,0.62723,1.609441,2.15938,1.907586,0.842751,0.677625,0.876992,1.40921,0.9489,1.895888,1.708465,2.356681,1.579816,2.439691,0.642567)

# This file was written for JAGS by STR2DATA on 17-Jul-2026 12:36:57.
