"w" <-
c(1.759492,1.633426,2.140514,1.618098,1.768568,2.253111,1.13434,1.345501,0.610325,0.802589,1.852588,0.822189,1.112316,2.474794,2.077024,2.482854,2.253832,0.717186,1.856543,1.386306,1.450033,1.936573,1.893548,1.575372,0.753412)

# This file was written for JAGS by STR2DATA on 17-Jul-2026 12:36:57.
