"w" <-
c(1.462755,1.239291,1.167356,1.142223,1.147549,0.83122,1.456092,1.564305,0.571397,1.866461,1.600332,2.392751,1.819897,2.032207,1.538814,0.976111,1.781316,1.241285,1.101315,1.379321,1.210893,1.189914,1.080623,0.901566,1.106698)

# This file was written for JAGS by STR2DATA on 17-Jul-2026 12:36:57.
