"w" <-
c(1.325635,2.454442,1.79939,0.613085,1.60133,1.067181,2.39194,1.723527,0.879034,1.285367,1.533713,1.285399,2.207902,0.831387,2.022586,1.430798,1.594438,1.782906,1.480261,1.47204,1.637749,2.044507,1.878681,1.431254,1.414601)

# This file was written for JAGS by STR2DATA on 17-Jul-2026 12:36:57.
