"w" <-
c(2.415383,0.555732,2.287672,2.21471,2.332621,1.649734,1.218576,2.170259,1.210018,2.105475,1.963935,2.137665,0.551924,2.148967,0.508579,1.473145,1.98567,2.06683,2.000782,1.288265,1.594972,0.643655,1.76171,2.11045,1.916266)

# This file was written for JAGS by STR2DATA on 17-Jul-2026 12:36:57.
