"w" <-
c(0.529494,1.609709,2.448552,1.477058,1.452031,0.916717,1.528571,0.965849,2.474723,2.269903,0.913351,1.129796,0.843695,2.211601,0.681608,1.941116,1.97821,2.313167,0.767707,2.325423,2.398001,1.500681,0.83529,1.571612,0.785747)

# This file was written for JAGS by STR2DATA on 17-Jul-2026 12:36:57.
