"w" <-
c(1.748001,1.155883,2.105931,2.498956,2.461956,0.754074,0.96448,0.547265,1.714865,0.721619,1.314919,2.268154,1.596266,1.238006,0.916692,1.381887,2.412392,0.748052,1.441526,2.213793,0.586781,1.88325,2.457971,1.066536,0.767561)

# This file was written for JAGS by STR2DATA on 20-Jul-2026 16:20:08.
