"w" <-
c(2.360555,2.174752,1.299351,1.959569,0.930877,0.505409,1.841361,1.213916,1.716603,1.152537,1.259476,0.526343,1.648965,2.221186,1.325631,0.978956,1.57547,2.408975,2.309859,1.5016,1.175813,2.027178,1.369376,0.639235,1.05161)

# This file was written for JAGS by STR2DATA on 17-Jul-2026 16:03:24.
