"w" <-
c(0.52141,1.389428,0.966936,0.855463,0.633918,1.216312,1.727445,0.848577,1.677101,1.405025,1.457445,1.077723,0.655859,1.748397,1.771121,1.371573,1.998071,1.327944,1.071575,0.938747,2.401236,1.162762,2.0945,2.02738,1.119721)

# This file was written for JAGS by STR2DATA on 17-Jul-2026 16:03:24.
