"w" <-
c(1.467453,1.032059,0.992803,2.272693,1.435856,1.247525,2.316089,1.992099,2.299376,0.765202,2.364579,1.555725,1.256273,2.170732,1.870325,2.35681,1.968895,0.773446,1.719383,0.83763,2.460082,1.552454,0.843333,2.216799,1.30271)

# This file was written for JAGS by STR2DATA on 17-Jul-2026 16:03:24.
