"w" <-
c(0.952265,2.20512,1.685876,1.36268,1.074467,1.1592,2.303804,0.932975,1.606336,2.11407,0.915086,2.302837,1.251017,1.220777,1.321457,1.166563,1.116218,1.735479,0.906795,1.888685,2.365832,2.215501,0.633304,1.154386,0.53548)

# This file was written for JAGS by STR2DATA on 17-Jul-2026 16:03:24.
