"w" <-
c(2.148156,2.155955,1.086736,1.118738,1.54606,1.150598,2.163685,2.12059,1.613997,1.025928,1.861132,0.967306,1.412851,1.269134,1.577203,2.483407,2.010441,2.46091,0.969565,1.557118,0.602872,2.013751,1.70396,2.214337,2.476554)

# This file was written for JAGS by STR2DATA on 20-Jul-2026 16:20:08.
