"w" <-
c(1.649794,1.605432,0.652354,0.677142,2.084268,1.554767,1.929095,1.270586,1.381533,1.074405,2.32282,1.856871,1.144391,2.193975,0.606715,0.632674,0.859874,0.948803,0.922187,1.105225,1.218313,0.523399,1.126897,2.201897,1.126064)

# This file was written for JAGS by STR2DATA on 17-Jul-2026 16:03:24.
