"w" <-
c(0.671805,1.500998,1.543179,0.680332,2.309333,2.268778,1.377979,2.063445,0.79693,1.739632,1.021247,1.391312,2.187999,0.89241,1.107703,1.466589,1.175624,2.096972,2.474975,0.818095,0.97376,1.904473,1.250943,2.44741,2.444611)

# This file was written for JAGS by STR2DATA on 20-Jul-2026 16:20:08.
