"w" <-
c(2.154418,1.851723,0.997899,1.451571,1.29815,1.698876,2.101046,0.710138,2.142884,2.182173,1.209012,1.360139,1.644478,1.901649,1.98494,2.015768,1.278258,1.358605,2.412689,1.645943,2.199444,1.052691,1.744647,1.676723,2.426937)

# This file was written for JAGS by STR2DATA on 20-Jul-2026 16:20:08.
