"w" <-
c(2.358969,1.31903,0.500683,1.581757,0.915461,0.938567,1.151613,0.691899,1.995067,1.997018,1.586599,1.176265,2.164667,1.605144,2.415086,2.285667,1.213007,1.592804,1.193364,1.745606,2.093249,1.99175,0.751072,2.144788,0.550301)

# This file was written for JAGS by STR2DATA on 20-Jul-2026 16:20:08.
