"w" <-
c(1.904133,1.25491,1.969912,2.408206,1.585626,1.580212,1.122219,0.642469,0.863961,0.685978,1.426978,0.518665,2.330052,1.785483,0.502838,0.560771,0.91694,1.409932,0.754532,0.517295,1.954159,1.208233,2.060892,1.373313,1.37311)

# This file was written for JAGS by STR2DATA on 20-Jul-2026 16:20:08.
