"w" <-
c(1.870559,2.318909,1.721738,2.299966,0.886868,2.008849,1.192521,1.337251,0.81144,2.138001,1.749847,1.977121,2.110225,0.634445,2.401581,1.495154,2.010292,1.98481,2.162259,0.813004,1.414617,1.736201,2.364367,2.170176,2.290847)

# This file was written for JAGS by STR2DATA on 20-Jul-2026 16:20:08.
