"w" <-
c(1.787396,2.220198,1.303767,1.763862,2.470473,1.618955,2.367184,1.940686,1.468077,1.778062,2.275274,0.897474,1.290733,2.484351,1.304703,1.817713,2.302696,2.490764,1.806327,0.716873,0.572228,1.736182,1.634289,2.423929,1.992211)

# This file was written for JAGS by STR2DATA on 20-Jul-2026 16:20:08.
