"w" <-
c(0.598426,0.599264,0.6822,1.688074,0.982168,2.182738,2.214426,2.427224,1.4778,0.94062,0.952417,1.573576,2.024219,1.195134,1.422464,1.778648,2.334672,0.823145,1.931271,1.655478,1.366598,2.268486,1.286104,0.85795,1.766667)

# This file was written for JAGS by STR2DATA on 20-Jul-2026 16:20:08.
