"w" <-
c(2.37224,1.866378,2.424228,1.375946,2.380673,0.511669,1.720614,2.102152,0.965963,2.364937,2.026526,2.152899,1.646927,2.085163,1.158082,0.946924,1.124773,1.669047,2.159828,1.080925,1.305109,2.224115,1.729479,2.482376,0.907398)

# This file was written for JAGS by STR2DATA on 20-Jul-2026 16:20:08.
