"w" <-
c(1.558101,2.139898,0.960569,2.36266,2.146742,2.00813,1.212587,1.999052,0.898945,1.636094,0.728927,2.059733,2.036165,1.731595,0.788823,0.808825,2.287269,0.740768,0.67977,1.486631,2.079331,1.404295,2.182319,2.266895,0.880118)

# This file was written for JAGS by STR2DATA on 17-Jul-2026 16:03:24.
