"w" <-
c(1.665037,1.665494,2.209852,0.569731,2.27084,1.315462,0.572764,1.992296,0.809658,0.787817,1.711918,1.008962,1.148308,1.303582,1.312747,1.272382,1.719604,0.833781,0.876184,0.689258,1.146373,2.039194,0.968236,1.980731,1.885637)

# This file was written for JAGS by STR2DATA on 20-Jul-2026 16:20:08.
