"w" <-
c(1.222932,0.527666,1.251124,0.915702,1.017572,1.490133,1.157382,0.674259,0.582342,0.616359,1.992305,0.834685,1.81742,2.189518,1.532842,2.083003,0.8143,2.471397,0.873001,2.249216,1.116832,2.347635,2.187628,2.304215,1.045631)

# This file was written for JAGS by STR2DATA on 17-Jul-2026 16:03:24.
