"w" <-
c(1.362065,1.719983,1.629137,1.118222,1.923818,1.599728,2.068577,0.908886,0.616853,0.578366,0.839439,0.963913,2.002451,0.983391,0.565842,0.873944,1.464831,1.551824,1.129878,1.05242,1.712363,1.645862,1.358284,2.110603,1.314679)

# This file was written for JAGS by STR2DATA on 17-Jul-2026 16:03:24.
