"w" <-
c(1.031982,1.025212,2.333703,1.505754,0.555328,2.084525,0.693513,1.715683,2.239882,2.111487,2.020539,1.533565,1.705955,1.531391,1.617809,2.399906,0.921634,1.52992,2.329002,0.573673,1.949878,1.075629,2.428735,1.015419,1.522824)

# This file was written for JAGS by STR2DATA on 17-Jul-2026 16:03:24.
