"w" <-
c(0.564409,1.753961,1.690339,0.753902,2.493389,2.443006,2.24544,0.956771,2.292958,1.386761,2.232306,1.480603,1.60677,2.39831,2.008669,1.472926,2.110359,1.783289,1.739522,1.434111,1.248182,0.745013,2.021143,0.602041,1.340982)

# This file was written for JAGS by STR2DATA on 17-Jul-2026 16:03:24.
