"w" <-
c(0.570278,0.662843,1.03452,0.59916,0.788165,1.480527,2.286989,1.620094,2.264451,1.254206,1.608389,1.57825,2.454198,1.816254,1.262735,0.82887,0.89516,0.746338,1.239319,1.981253,1.461684,2.394699,1.283516,1.721095,0.80105)

# This file was written for JAGS by STR2DATA on 17-Jul-2026 16:03:24.
