"w" <-
c(1.57576,1.03256,1.601204,1.161036,2.037741,2.367074,1.665876,1.811907,2.215035,1.000866,1.268174,1.262884,2.218728,1.989345,1.465185,1.026832,0.578799,1.230559,2.072627,1.709013,1.795755,1.978894,1.975442,0.768607,0.882427)

# This file was written for JAGS by STR2DATA on 17-Jul-2026 16:03:24.
