"w" <-
c(1.328858,1.962815,2.062748,1.234572,1.989736,2.284534,0.985207,0.759194,0.950136,1.200028,1.074169,2.354976,0.602628,1.685334,0.825798,2.176812,0.835122,1.504401,2.498659,1.210814,0.594155,0.927321,1.295678,1.167336,0.959205)

# This file was written for JAGS by STR2DATA on 20-Jul-2026 16:20:08.
