"w" <-
c(1.97318,2.161058,2.29794,1.488227,1.395253,2.475543,1.426141,0.978118,2.326654,1.745603,0.759764,2.095857,1.194977,2.018233,2.204404,0.63908,2.407248,1.127924,2.470299,2.048473,0.773228,2.482175,1.423759,0.792907,1.6917)

# This file was written for JAGS by STR2DATA on 17-Jul-2026 12:40:50.
