"w" <-
c(2.198991,1.178655,1.185282,2.299766,1.272033,2.362189,1.246965,2.392306,1.584384,1.609264,1.724358,0.757444,1.866035,1.101123,2.429954,1.805783,1.227209,1.694781,2.23776,1.655826,2.491397,1.880176,2.40749,2.277749,1.259301)

# This file was written for JAGS by STR2DATA on 17-Jul-2026 12:40:50.
