"w" <-
c(2.042565,1.962053,0.989815,1.710925,1.007625,2.007135,1.472575,1.575207,0.622521,2.431386,1.334956,2.466218,2.267087,1.054525,1.78347,2.110594,1.557132,0.64253,0.974566,1.401334,0.537716,0.957317,2.356239,0.663903,1.847623)

# This file was written for JAGS by STR2DATA on 17-Jul-2026 12:40:50.
