"w" <-
c(1.172331,0.553534,0.855234,1.035981,0.603588,0.58282,1.443581,0.85557,1.113512,2.466121,0.982598,2.450143,1.651541,1.085964,1.35397,0.619248,1.928229,0.68111,1.554843,1.927258,1.647818,2.167296,1.051119,1.350857,0.754484)

# This file was written for JAGS by STR2DATA on 17-Jul-2026 12:40:50.
