"w" <-
c(1.082329,1.510858,1.679772,1.627041,2.193085,2.479418,1.507759,0.921695,1.76325,0.837822,1.578798,1.571018,2.321424,1.848842,1.705499,1.753952,2.222819,0.833499,0.92033,1.533188,1.668805,0.688345,2.032851,0.836541,2.068014)

# This file was written for JAGS by STR2DATA on 17-Jul-2026 12:40:50.
