"w" <-
c(1.098644,1.512943,2.368568,1.864498,1.332544,1.042455,0.62368,0.581013,1.393878,1.957176,1.490214,2.185796,1.930721,1.164519,2.042547,2.479796,1.552077,1.328946,2.284469,1.63907,0.68072,1.547648,0.53613,0.605548,1.070897)

# This file was written for JAGS by STR2DATA on 17-Jul-2026 12:40:50.
