"w" <-
c(1.782564,1.75904,2.311572,0.540291,1.970233,2.190788,2.134207,2.343194,1.649518,1.587803,0.873915,1.124853,2.342091,0.861835,1.72342,0.504248,0.838112,0.582979,1.367563,1.027856,1.02003,1.731359,1.923778,2.447774,1.64797)

# This file was written for JAGS by STR2DATA on 17-Jul-2026 12:40:50.
