"w" <-
c(0.533777,0.889936,2.046801,1.405501,0.842862,2.031937,1.418083,0.504447,1.625598,0.917459,0.832322,1.58624,1.556973,0.538256,2.32416,1.147216,1.345708,1.783715,0.70405,1.783298,0.6812,1.7984,2.064327,1.512005,1.821043)

# This file was written for JAGS by STR2DATA on 17-Jul-2026 12:40:50.
