"w" <-
c(2.469606,2.043341,1.77524,1.416174,0.713701,1.864978,0.604438,2.179736,2.046116,1.222921,1.637736,0.538892,1.776403,2.216734,2.171265,1.212436,1.123521,0.564506,1.260627,0.720576,1.420067,1.326868,1.616798,2.063131,1.712418)

# This file was written for JAGS by STR2DATA on 17-Jul-2026 12:40:50.
