"w" <-
c(2.268523,2.20373,0.959813,0.525788,1.924316,2.063689,0.629022,2.471758,0.754987,0.581455,2.266741,1.696337,0.763217,0.998794,0.550462,0.550238,1.999214,2.247096,1.846213,2.449999,2.318879,1.152397,1.56653,1.955486,0.55423)

# This file was written for JAGS by STR2DATA on 17-Jul-2026 12:40:50.
