"w" <-
c(0.524574,1.835701,1.604573,0.515449,2.185869,2.088112,2.498017,1.957177,0.805172,1.773387,2.208147,2.113085,1.120044,1.66054,1.981631,0.69813,2.305893,1.145596,1.737913,1.025809,0.510093,2.412883,1.087274,1.607697,0.557894)

# This file was written for JAGS by STR2DATA on 17-Jul-2026 12:40:50.
