"w" <-
c(2.115995,0.667239,1.600091,0.683836,2.483681,1.887229,1.678181,1.800538,0.789587,2.03547,2.442084,2.273146,2.216216,1.726441,0.962503,1.594367,1.360012,1.214647,1.272908,1.58261,1.354594,1.499969,2.421608,0.888982,1.79971)

# This file was written for JAGS by STR2DATA on 17-Jul-2026 12:40:50.
