"w" <-
c(0.859407,2.441072,1.055154,1.148942,1.589799,1.823457,1.906257,1.865844,1.912401,1.12727,0.75671,2.44473,1.992876,1.415065,1.658776,0.7432,0.708232,1.369902,2.441872,1.893479,1.635257,0.58565,2.264047,0.615128,1.171817)

# This file was written for JAGS by STR2DATA on 17-Jul-2026 16:48:33.
