"w" <-
c(1.432404,1.151307,1.76041,0.960598,1.65977,1.706313,1.699758,1.396856,0.570847,1.52763,1.31546,0.716092,1.419751,1.401766,1.602281,2.110809,1.9017,2.244471,0.604384,0.939363,1.419284,2.417067,2.080091,1.403749,1.166856)

# This file was written for JAGS by STR2DATA on 20-Jul-2026 16:22:32.
