"w" <-
c(1.314851,0.900414,0.683416,0.861365,2.057571,1.537608,1.64238,0.690155,0.742187,1.271656,0.734681,1.236059,2.060606,2.367325,1.722657,0.8872,0.625414,2.203606,1.962796,2.240134,2.222099,1.349395,0.787422,1.532665,1.86836)

# This file was written for JAGS by STR2DATA on 17-Jul-2026 16:48:33.
