"w" <-
c(1.088111,1.916717,2.407217,2.367965,1.558158,1.405612,1.399078,0.927221,1.428635,1.45657,2.131999,0.806471,1.805693,0.833963,1.828202,2.422957,2.320712,1.239091,2.382881,0.672893,2.100573,1.082345,2.300382,1.964396,0.806975)

# This file was written for JAGS by STR2DATA on 17-Jul-2026 16:48:33.
