"w" <-
c(0.881806,0.791464,1.670087,0.646723,2.144652,1.945806,2.351716,1.485277,1.809766,2.280247,1.577051,1.06441,2.451915,0.572851,1.152489,2.446027,1.230065,1.118299,0.741825,2.331531,0.770956,1.164236,2.29496,1.499298,1.730576)

# This file was written for JAGS by STR2DATA on 20-Jul-2026 16:22:32.
