"w" <-
c(0.618191,1.981811,1.513589,0.899851,1.354387,0.837381,2.003389,1.236702,2.383636,0.534345,2.158112,1.753182,1.577493,1.801015,1.953259,0.688977,2.255148,0.528724,1.088605,0.85983,2.352589,0.636361,1.662186,1.774302,1.802539)

# This file was written for JAGS by STR2DATA on 20-Jul-2026 16:22:32.
