"w" <-
c(0.987296,0.709644,2.216706,1.8964,1.967484,1.801061,1.532541,1.152776,1.823552,0.735131,0.795635,0.539529,2.428583,2.440746,0.747721,1.43482,1.813388,1.080371,2.009073,1.616236,1.355585,1.034388,2.007472,2.296753,1.956888)

# This file was written for JAGS by STR2DATA on 20-Jul-2026 16:22:32.
