"w" <-
c(2.109042,2.133822,0.878943,0.747387,2.141993,1.775795,0.53224,2.291909,1.53075,1.589044,1.712884,2.020872,2.210694,1.265737,0.669298,1.967747,1.163979,2.179499,1.243447,2.156431,0.853037,0.75904,2.259767,0.588158,1.87344)

# This file was written for JAGS by STR2DATA on 20-Jul-2026 16:22:32.
