"w" <-
c(1.106124,0.707103,2.219224,0.675842,0.675168,1.185191,0.716447,0.685463,1.052929,0.567002,0.726363,0.964476,1.274358,2.364525,1.765566,1.442175,0.956838,1.587383,1.961325,0.909067,1.22646,0.928375,2.108523,0.538238,1.453988)

# This file was written for JAGS by STR2DATA on 17-Jul-2026 16:48:33.
