"w" <-
c(0.761948,2.167458,2.100937,2.33576,0.774607,1.509465,1.309917,0.847144,1.650367,1.712436,0.928891,1.539865,2.478372,1.47983,1.889746,1.322844,0.569553,1.085663,2.102883,1.193004,0.666632,1.522213,1.233667,1.978959,1.54948)

# This file was written for JAGS by STR2DATA on 20-Jul-2026 16:22:32.
