"w" <-
c(2.423988,1.580408,0.56054,1.892629,1.539432,0.618061,2.280072,1.160404,0.959402,0.727897,1.121845,0.956865,1.803994,0.63232,1.050863,1.06364,2.260133,1.388661,2.011828,1.706593,2.066532,0.727861,2.457128,2.197193,0.601293)

# This file was written for JAGS by STR2DATA on 20-Jul-2026 16:22:32.
