"w" <-
c(1.9627,2.298735,1.691603,1.353279,0.92301,0.889655,1.750669,1.438892,2.107887,1.288291,0.660239,1.951427,2.143712,1.283502,0.690874,2.105745,1.749453,2.301566,1.34763,1.233413,1.567977,0.677126,1.46085,1.357385,1.585021)

# This file was written for JAGS by STR2DATA on 17-Jul-2026 16:48:33.
