"w" <-
c(2.229244,0.611905,2.13371,1.557845,1.888701,0.92481,1.58656,1.905041,2.412869,1.389084,0.670796,0.61468,1.758901,2.092358,1.882383,1.190616,2.393633,1.540381,2.407626,0.647191,0.914064,2.050056,2.328376,2.065101,1.091068)

# This file was written for JAGS by STR2DATA on 20-Jul-2026 16:22:32.
