"w" <-
c(1.80504,2.334598,1.519679,2.448383,0.894558,0.72237,1.094709,1.292837,1.341511,1.122951,1.887686,0.683744,1.304177,1.090362,1.112994,0.711122,1.687655,1.065455,0.810443,0.501317,1.067191,1.601622,2.241804,0.584507,2.309444)

# This file was written for JAGS by STR2DATA on 20-Jul-2026 16:22:32.
