"w" <-
c(1.656713,2.064067,2.084694,1.732736,2.046144,2.152044,0.717883,1.098582,1.225914,1.110086,0.778075,2.237211,1.462263,2.212142,2.287578,2.374273,2.279975,1.786205,0.77476,1.873279,1.226724,0.660906,1.182772,1.288632,0.849443)

# This file was written for JAGS by STR2DATA on 17-Jul-2026 16:48:33.
