"w" <-
c(1.31366,2.376632,1.010855,1.566326,2.40951,1.035495,1.000169,2.355345,0.637165,1.098801,1.683167,0.906598,1.771766,2.096741,1.503402,1.801624,2.09191,0.966748,1.701678,0.724925,1.531531,2.175681,2.34158,1.496456,1.055222)

# This file was written for JAGS by STR2DATA on 20-Jul-2026 16:22:32.
