"w" <-
c(1.279962,1.646814,0.988195,0.965855,2.36112,0.526241,1.454459,0.897179,0.751507,1.269985,0.974253,1.2145,1.397154,1.290648,1.961132,2.064204,1.701419,1.457122,1.520857,0.519572,1.018153,0.772935,0.755616,1.440249,1.180062)

# This file was written for JAGS by STR2DATA on 17-Jul-2026 16:48:33.
