"w" <-
c(1.899422,0.774939,2.070367,0.636037,2.469536,1.899682,0.508928,2.129938,1.48859,0.932085,1.807087,2.157629,1.427776,1.822348,2.385804,2.129606,1.891811,1.306695,1.857701,1.089499,2.116598,1.968523,0.881459,1.969855,1.375887)

# This file was written for JAGS by STR2DATA on 17-Jul-2026 16:48:33.
