"w" <-
c(0.608275,1.485557,1.216727,2.084946,0.696422,1.576811,2.330805,1.682974,1.937832,1.75143,0.565556,0.732071,2.244075,1.936517,1.540357,2.407999,0.831146,1.221536,1.572458,1.389293,1.117625,1.862769,1.834065,2.140891,2.313845)

# This file was written for JAGS by STR2DATA on 17-Jul-2026 16:48:33.
