"w" <-
c(0.532174,0.589677,1.070986,1.294319,1.618904,2.382902,1.113326,1.34572,2.46664,1.915963,0.846567,1.773124,1.856778,1.61339,1.105831,0.828681,0.881168,2.014097,1.968189,1.146333,1.00337,0.631664,0.601849,1.739559,0.593543)

# This file was written for JAGS by STR2DATA on 17-Jul-2026 16:48:33.
