"w" <-
c(1.468496,1.269064,2.493487,1.620917,2.06249,0.795187,1.790067,0.532027,0.834829,1.044564,1.088489,0.573953,1.864001,1.628779,1.604403,2.452804,2.448401,1.748624,1.600198,1.932865,2.395203,2.012579,1.007516,2.275547,1.23058)

# This file was written for JAGS by STR2DATA on 17-Jul-2026 16:48:33.
