"w" <-
c(1.666266,1.896508,0.558665,1.555765,0.564146,2.154285,1.179972,2.193422,0.992139,1.662983,2.375354,0.595575,0.607955,0.541236,1.862957,1.697257,0.72806,2.092491,1.735701,0.640427,0.638558,0.772015,2.077783,0.684797,0.975738)

# This file was written for JAGS by STR2DATA on 20-Jul-2026 16:22:32.
