"w" <-
c(0.804552,1.606695,2.149624,1.233847,2.437642,0.819922,0.907096,1.144362,2.370674,0.734089,2.084039,1.10753,1.369163,2.219259,0.757767,1.044889,2.381167,0.632286,2.427273,1.958229,1.587406,1.942718,0.579195,1.019204,1.753139)

# This file was written for JAGS by STR2DATA on 17-Jul-2026 16:48:33.
