"w" <-
c(0.803691,2.195821,2.069709,1.041663,0.955621,1.142046,2.159124,2.144364,1.641366,1.643659,1.072037,1.898267,2.092516,1.383178,1.392431,1.431325,1.058078,1.850751,2.307329,2.317052,1.994394,1.021023,1.879276,0.763661,0.747002)

# This file was written for JAGS by STR2DATA on 20-Jul-2026 16:22:32.
