"w" <-
c(1.709511,0.643545,1.588189,0.853468,2.284506,0.527862,1.598883,1.482484,1.458773,2.235871,0.665858,1.150425,0.817333,2.047394,0.571102,1.497808,0.809337,2.324485,0.990205,0.735444,1.131661,2.095214,1.731706,1.542472,1.325432)

# This file was written for JAGS by STR2DATA on 17-Jul-2026 12:34:34.
