"w" <-
c(1.000299,1.993442,1.842577,1.686359,1.196858,0.73767,2.072491,1.298744,1.176431,1.361484,2.24415,0.68673,1.327959,1.270058,1.460435,2.478827,1.553821,1.005752,2.121048,0.861806,1.383438,1.984072,1.682874,2.435418,2.430731)

# This file was written for JAGS by STR2DATA on 17-Jul-2026 12:34:34.
