"w" <-
c(1.348037,2.145039,1.99916,1.08147,2.435434,2.427132,0.730109,1.656977,1.385946,2.484043,0.772704,1.013931,1.543956,2.030138,0.600417,1.897442,2.398723,1.001153,1.583871,2.052032,1.19061,1.681229,1.502283,0.884286,0.980232)

# This file was written for JAGS by STR2DATA on 17-Jul-2026 12:34:34.
