"w" <-
c(1.476423,0.959904,0.990093,1.70817,2.16195,1.629053,1.403971,1.143837,1.551849,2.143366,1.059562,0.985122,0.555869,2.113999,1.859374,1.186957,1.361712,1.477865,2.223458,1.577572,0.852392,1.420875,1.78843,1.957401,0.718237)

# This file was written for JAGS by STR2DATA on 17-Jul-2026 12:34:34.
