"w" <-
c(1.361035,1.664688,2.38763,2.329369,2.471402,1.86844,0.670284,2.148806,0.90475,1.192619,0.82113,0.502443,2.327207,1.655974,1.129307,0.92679,0.510173,1.903473,2.460025,2.21416,2.239565,0.923389,1.501391,1.76388,0.789351)

# This file was written for JAGS by STR2DATA on 17-Jul-2026 12:34:34.
