"w" <-
c(1.855177,0.767743,1.760281,1.969038,1.134222,0.645912,1.334977,1.697325,2.125932,1.918431,1.869763,0.835011,2.319852,1.597467,2.276504,2.055005,1.096894,0.603761,0.988162,2.152891,1.398955,1.978562,1.115296,0.776044,2.29581)

# This file was written for JAGS by STR2DATA on 17-Jul-2026 12:34:34.
