"w" <-
c(2.022999,2.284386,0.601736,0.770553,0.636238,2.080058,0.856796,1.367116,1.894696,0.916242,1.159463,1.845657,1.85806,2.300244,2.076964,1.099714,1.395576,1.462739,2.338463,0.748192,1.989297,1.711402,1.421037,0.810282,1.800211)

# This file was written for JAGS by STR2DATA on 17-Jul-2026 12:34:34.
