"w" <-
c(0.781863,1.419732,1.371104,0.596737,2.053899,1.366742,2.0531,1.221999,0.601532,2.044174,1.014338,1.448304,1.540731,1.323423,2.180248,1.216089,1.468395,1.128224,1.982744,1.478235,1.242677,1.004062,0.609625,0.895456,1.22968)

# This file was written for JAGS by STR2DATA on 17-Jul-2026 12:34:34.
