"w" <-
c(0.865465,2.122915,0.984542,0.866387,1.306708,1.095024,1.869482,1.670566,1.641783,0.670929,1.29129,1.740815,0.62869,2.304832,2.374107,1.746579,1.006438,1.870067,0.744083,0.984712,0.970135,1.886409,2.400477,0.942828,1.952302)

# This file was written for JAGS by STR2DATA on 17-Jul-2026 12:34:34.
