"w" <-
c(1.146343,0.620748,0.87697,1.665956,2.027526,1.636277,0.683905,2.439309,0.724877,2.413718,1.439733,0.934011,2.020034,2.050839,0.829212,2.250683,0.522515,0.596333,0.776629,1.910401,2.422334,1.058716,0.923294,1.819722,1.403347)

# This file was written for JAGS by STR2DATA on 17-Jul-2026 12:34:34.
