"w" <-
c(0.502233,1.528175,2.15703,2.076147,0.855028,2.359075,0.756128,1.838514,1.177519,1.04966,2.217604,1.367018,2.267173,0.8688,2.039399,1.733912,1.983394,1.568575,1.563637,2.427218,0.776988,2.421711,1.180545,2.088428,0.755872)

# This file was written for JAGS by STR2DATA on 17-Jul-2026 12:34:34.
