"w" <-
c(1.785911,2.13819,1.913484,0.848934,1.58,2.276757,0.868623,1.986562,0.54709,1.113965,2.211726,1.606973,1.457191,1.751482,2.34647,2.468189,0.520857,1.689656,2.101354,1.827361,1.901265,1.749353,1.514469,2.279408,1.394104)

# This file was written for JAGS by STR2DATA on 17-Jul-2026 12:34:34.
