"w" <-
c(1.486975,1.067384,0.864114,1.687054,1.576364,1.934049,2.493704,1.381883,2.030307,1.647065,1.499005,1.986238,0.56242,2.169684,1.318648,0.805474,2.263354,1.157614,1.000545,1.647002,0.728556,1.8892,1.449837,1.114257,0.56467)

# This file was written for JAGS by STR2DATA on 17-Jul-2026 12:32:38.
