"w" <-
c(1.408538,1.250015,2.246098,1.03707,1.985137,0.83523,1.951122,0.923085,0.884771,0.832387,2.497689,2.337476,2.101558,1.898372,1.602787,1.636666,1.461856,2.365533,1.073313,1.298984,2.355077,0.861971,2.19264,1.89652,1.046136)

# This file was written for JAGS by STR2DATA on 17-Jul-2026 12:32:38.
