"w" <-
c(0.918456,1.744198,2.083471,1.529318,0.965195,1.626591,0.691001,1.464318,1.063526,1.782137,0.792734,2.049156,0.803056,1.359831,1.998902,0.73053,2.301536,0.861317,1.282739,1.265891,1.990632,1.002125,1.74543,2.062733,1.157092)

# This file was written for JAGS by STR2DATA on 17-Jul-2026 12:32:38.
