"w" <-
c(1.339472,1.044968,2.101159,2.495523,0.962628,1.373102,2.441926,1.960463,1.673391,1.792764,1.034804,1.182709,1.054985,2.021916,2.165057,1.37967,2.315598,1.913719,1.909825,1.875131,1.031754,1.599797,1.645937,1.446169,1.987344)

# This file was written for JAGS by STR2DATA on 17-Jul-2026 12:32:38.
