"w" <-
c(0.895199,1.010969,1.283165,0.975721,1.129066,0.596482,2.064787,0.92666,1.217202,0.527985,1.888799,1.076885,0.922827,1.379873,1.826129,0.652931,1.06198,0.500624,0.700709,1.05808,1.106427,1.624916,0.787211,2.289077,1.494393)

# This file was written for JAGS by STR2DATA on 17-Jul-2026 12:32:38.
