"w" <-
c(1.598496,1.284834,1.48121,0.836153,1.424515,1.024407,0.643463,2.382105,1.875958,2.262995,1.843598,1.718148,1.492041,2.270111,1.916465,1.685056,2.116651,0.880394,0.951776,2.10362,2.48894,1.18668,0.972269,1.993179,2.252988)

# This file was written for JAGS by STR2DATA on 17-Jul-2026 12:32:38.
