"w" <-
c(1.691367,1.116482,1.143005,0.671456,0.514022,0.596376,1.017697,0.743132,1.318019,0.774221,1.869728,0.633525,1.551525,1.965046,2.086344,1.410663,2.305465,1.825599,1.081113,1.587044,1.980858,1.839772,1.899191,0.852508,2.198665)

# This file was written for JAGS by STR2DATA on 17-Jul-2026 12:32:38.
