"w" <-
c(0.921478,2.187837,0.56409,1.25925,2.255129,1.068667,0.643275,1.983622,2.355641,1.967338,1.466878,1.632056,1.744214,1.050684,2.298968,2.464993,1.474388,2.304202,1.867532,0.94379,1.954273,1.05618,1.241178,1.405892,2.222807)

# This file was written for JAGS by STR2DATA on 17-Jul-2026 12:32:38.
