"w" <-
c(1.475254,1.720937,0.537082,1.176431,2.073705,2.383678,0.944033,1.268042,2.281235,0.750472,1.309446,0.935621,2.20061,2.296066,0.530748,2.007605,2.298705,0.758999,1.416758,1.192085,1.56218,1.465079,1.762774,0.938893,0.822254)

# This file was written for JAGS by STR2DATA on 17-Jul-2026 12:32:38.
