"w" <-
c(1.007449,1.811857,1.267845,0.738311,1.998429,1.195675,2.096656,2.086546,0.605197,0.571342,2.144404,0.799463,0.929449,1.748364,1.811875,0.641245,2.330766,2.251265,1.441818,1.234125,0.894596,1.704078,2.024561,1.052345,1.219147)

# This file was written for JAGS by STR2DATA on 17-Jul-2026 12:32:38.
