"w" <-
c(2.308333,0.546678,0.851938,1.99653,1.069031,1.431175,1.502333,0.5662,0.575939,1.68598,2.456282,0.753717,1.857689,1.389121,2.392697,0.622346,2.204593,1.23712,1.783409,0.669804,0.855988,0.507018,2.317701,1.254254,0.897562)

# This file was written for JAGS by STR2DATA on 17-Jul-2026 12:32:38.
