"w" <-
c(2.345344,2.330076,1.200885,1.178054,1.424324,1.122595,1.285311,1.082494,2.304871,0.590081,1.939477,2.039727,0.982429,1.568998,1.40877,0.806603,1.715097,2.147948,2.488347,0.525684,0.662653,2.042092,1.373939,1.061452,2.076905)

# This file was written for JAGS by STR2DATA on 17-Jul-2026 12:32:38.
